202512021600/0000/2025-12-02/16:00/[0,0,0,0,0,0,0,0,0,0,0,0,0,0,0,0,0,0,0,0,0,0,0,0,0]/F/2025-12-02
202512040000/0000/2025-12-04/00:00/[0,0,0,0,0,0,0,0,0,0,0,0,0,0,0,0,0,0,0,0,0,0,0,0,0]/T/2025-12-02
202512041600/0000/2025-12-04/16:00/[0,0,0,0,0,0,0,0,0,0,0,0,0,0,0,0,0,0,0,0,0,0,0,0,0]/F/2025-12-02
202512051000/0013/2025-12-05/10:00/[0,0,0,0,0,0,0,0,0,0,0,0,0,0,0,0,0,0,0,0,0,0,0,0,0]/F/2025-12-05
202512061000/0013/2025-12-06/10:00/[0,0,0,0,0,0,0,0,0,0,0,0,0,0,0,0,0,0,0,0,0,0,0,0,0]/F/2025-12-05
202512221430/0000/2025-12-22/14:30/[0,1,0,0,1,0,0,0,0,0,0,1,0,0,0,0,0,1,0,0,0,0,0,0,0]/T/2025-12-02
202512221800/0001/2025-12-22/18:00/[1,1,0,0,0,0,1,0,0,0,0,0,0,0,0,1,0,0,0,0,0,0,0,0,0]/T/2025-12-02
202512222100/0002/2025-12-22/21:00/[0,0,0,0,0,0,0,1,1,0,1,0,0,0,0,0,0,0,0,0,1,0,0,0,0]/T/2025-12-02
202512231400/0003/2025-12-23/14:00/[1,0,0,1,0,0,0,0,0,1,0,0,0,0,0,0,0,0,0,1,0,0,0,0,0]/T/2025-12-02
202512231730/0004/2025-12-23/17:30/[0,0,0,0,1,1,0,0,0,0,1,0,0,0,0,0,0,0,0,0,0,1,0,0,0]/T/2025-12-02
202512232000/0005/2025-12-23/20:00/[1,1,1,0,0,0,0,0,0,0,0,1,0,0,0,0,0,0,0,0,0,0,1,0,0]/T/2025-12-02
202512241300/0006/2025-12-24/13:00/[0,0,0,0,0,1,1,0,0,0,0,0,1,0,0,0,0,0,0,0,1,0,0,0,0]/T/2025-12-02
202512241600/0007/2025-12-24/16:00/[1,0,0,0,0,0,1,1,0,0,0,0,0,0,0,0,0,1,0,0,0,0,0,0,0]/T/2025-12-02
202512241900/0008/2025-12-24/19:00/[1,1,1,1,1,0,0,0,1,0,0,0,1,0,0,0,0,0,0,0,0,1,0,0,0]/T/2025-12-02
202512251230/0009/2025-12-25/12:30/[1,1,0,0,0,0,0,0,0,0,0,1,1,0,0,0,0,0,0,0,0,0,0,1,0]/T/2025-12-02
202512251600/0010/2025-12-25/16:00/[0,0,0,0,0,1,0,0,0,1,0,0,0,0,0,0,0,0,0,0,1,0,0,0,0]/T/2025-12-02
202512252000/0011/2025-12-25/20:00/[1,0,0,0,0,0,0,0,0,0,1,0,0,0,0,1,0,0,0,0,0,0,0,0,0]/T/2025-12-02
202512261330/0012/2025-12-26/13:30/[0,0,0,1,0,0,0,0,0,0,0,0,1,0,0,0,0,0,0,0,1,0,0,0,0]/T/2025-12-02
202512261700/0013/2025-12-26/17:00/[1,1,0,0,0,0,0,0,0,1,0,0,0,0,0,0,0,0,0,1,0,0,0,0,0]/T/2025-12-02
202512262000/0000/2025-12-26/20:00/[1,1,0,0,0,0,0,0,1,0,0,0,0,1,0,0,0,0,0,0,0,0,0,1,0]/T/2025-12-02
202512271700/0000/2025-12-27/17:00/[0,0,0,0,0,0,0,0,0,0,0,0,0,0,0,0,0,0,0,0,0,0,0,0,0]/F/2025-12-02
202512281700/0000/2025-12-28/17:00/[0,0,0,0,0,0,0,0,0,0,0,0,0,0,0,0,0,0,0,0,0,0,0,0,0]/F/2025-12-02
202512291630/0000/2025-12-29/16:30/[0,0,0,0,0,0,0,0,0,0,0,0,0,0,0,0,0,0,0,0,0,0,0,0,0]/F/2025-12-02
202512291700/0000/2025-12-29/17:00/[0,0,0,0,0,0,0,0,0,0,0,0,0,0,0,0,0,0,0,0,0,0,0,0,0]/F/2025-12-02
202512311700/0000/2025-12-31/17:00/[0,0,0,0,0,0,0,0,0,0,0,0,0,0,0,0,0,0,0,0,0,0,0,0,0]/F/2025-12-05
202601011400/0000/2026-01-01/14:00/[0,0,0,0,0,0,0,0,0,0,0,0,0,0,0,0,0,0,0,0,0,0,0,0,0]/F/2025-12-05
202601011400/0000/2026-01-01/14:00/[0,0,0,0,0,0,0,0,0,0,0,0,0,0,0,0,0,0,0,0,0,0,0,0,0]/F/2025-12-05
202601011700/0000/2026-01-01/17:00/[0,0,0,0,0,0,0,0,0,0,0,0,0,0,0,0,0,0,0,0,0,0,0,0,0]/F/2025-12-05
202601021700/0000/2026-01-02/17:00/[0,0,0,0,0,0,0,0,0,0,0,0,0,0,0,0,0,0,0,0,0,0,0,0,0]/F/2025-12-05
